282
709
826
980
1019
1044
1270
1376
1528
1595
1745
1794
1836
1958
1973
1991
2053
2108
2276
2279
2298
2322
2447
2472
2550
2565
2566
2589
2603
2615
2627
2633
2671
2785
2793
2934
2983
3083
3084
3088
3095
3116
3165
3194
3235
3281
3294
3310
3384
3434
3446
3451
3478
3482
3483
3530
3534
3542
3557
3602
3604
3606
3613
3614
3618
3620
3626
3658
3681
3682
3688
3719
3774
3853
3854
3865
3886
3984
3927
3839
3714
3834
3765
3830
3819
3781
3709
3710
3659
3628
3459
1561
517
3390
3375
3335
3320
3268
3147
3216
3188
2897
3153
2956
2838
2710
2640
2639
2429
2610
2600
2574
2571
917
2548
2535
1876
2482
2434
2133
2408
2369
2225
2126
2125
2104
2012
1039
2013
1896
1523
1817
1726
1727
1695
1369
1354
1290
3389
1244
1236
1098
1047
1021
944
1764
877
3378
1
2495
1694
1175
1097
2892
1242
2703
1368
515
1932
1362
2913
2759
2744
985
1414
2922
3518
2923
1615
2925
3273
3969
3967
3388
3966
3949
3963
3203
3951
1124
1122
1170
3875
2623
3722
3421
3594
3507
3292
3247
3180
2653
3045
3046
2889
2932
2933
2219
1868
750
1371
2931
749
2545
1697
2300
1701
1204
3154
1144
1141
1142
1137
1145
1235
1852
1851
461
1028
1027
1029
3230
3721
3723
1143
2162
2621
1688
607
3956
1171
2591
1273
1272
1274
1428
1067
3315
1068
3593
2299
3964
482
1416
1799
1943
2301
1178
1445
3946
3948
3947
1355
292
511
518
529
1172
1717
1822
1824
1844
1854
1906
1919
1965
2021
2120
2161
2193
2228
2266
2329
2474
2523
2554
2556
2561
2618
2635
2657
2719
2742
2798
2812
2827
2839
2874
2938
2950
3006
3076
3078
3079
3080
3099
3102
3106
3170
3205
3206
3242
3275
3322
3342
3399
3401
3403
3416
3448
3450
3481
3540
3570
3583
3600
3622
3624
3680
3687
3694
3696
3745
3756
3760
3761
3783
3786
3807
3827
3860
3870
3896
3904
3921
3937
3962
3965
3970
3973
3983
3980
3976
3950
1800
3928
3889
3806
3872
3096
3848
3844
3727
3670
3651
3640
1892
3609
3580
3571
3567
3503
1820
3493
3486
2573
3480
3457
3323
3309
3269
3215
2202
3130
3212
3209
3169
1508
3010
2858
2807
2791
2541
2652
2598
1035
2584
2585
2478
2057
1721
1704
1605
1703
1625
1526
1513
1461
1463
1435
1245
952
653
1530
538
322
499
584
1246
1466
1612
1511
1613
615
514
2156
1922
1230
758
3541
575
1737
3461
1464
3248
2935
3731
2940
2840
3790
861
581
3186
3683
3298
1195
574
1548
2142
3988
3991
3569
3568
1553
3648
3414
3987
3652
3653
1586
3977
3974
3975
3794
3971
3884
3420
3699
3700
3698
3649
3415
3617
3306
3616
2157
3595
3438
3585
1465
3495
1638
1639
3393
257
3340
3376
3341
3308
3246
3218
3217
2920
2723
1252
1251
2185
2055
1974
1975
1884
1672
1671
1585
1584
2875
2234
2672
3535
2706
2558
1208
3035
752
3245
3881
3810
3882
1533
3933
3934
1169
3802
3803
3804
3494
3574
3577
3576
3575
2304
3152
3151
2856
2857
2855
2470
2310
2166
2124
1946
1670
2149
2148
2559
2150
3148
1947
2508
3743
3744
3742
2507
1507
1449
1450
2630
1986
2819
2926
12
2820
2891
484
521
621
629
777
819
1077
1579
1716
1728
1778
1795
1809
1810
1814
1848
1850
1863
1914
1933
1937
1939
2036
2061
2140
2203
2216
2223
2239
2305
2443
2493
2516
2577
2587
2596
2616
2655
2673
2682
2700
2722
2729
2782
2805
2824
2842
2859
2863
2876
2880
2947
3049
3066
3087
3097
3167
3185
3311
3359
3428
3449
3470
3471
3508
3514
3532
3538
3548
3549
3572
3590
3608
3612
3623
3641
3654
3655
3656
3677
3678
3704
3725
3729
3730
3741
3746
3750
3759
3788
3796
3828
3863
3864
3895
3899
3930
3942
3961
3982
3985
3979
3891
3892
3877
3632
3871
3856
3857
3824
3799
3795
3776
1603
3734
3711
3695
3430
3669
2026
2103
3647
3552
3553
3529
3498
3436
2033
3411
3398
3394
3395
3347
3324
3318
3290
3286
1041
3193
3144
3128
1889
3120
3104
3002
3003
2883
2688
2687
2269
2178
2179
2169
1926
1925
3267
1923
1894
1735
1621
1622
1616
1564
1539
1536
1537
1514
1312
1065
643
1005
455
3270
3271
3272
3673
1618
1895
2436
3098
2438
2437
2971
2973
2972
3093
3397
3285
2624
3319
3195
1391
1392
1390
3497
603
3878
2449
3558
3919
1915
2996
2705
3879
3505
3487
2410
3455
3456
3432
3222
3223
3177
2962
2963
2731
2732
2733
1161
2159
2468
376
609
1557
1074
3773
3880
3238
3236
1642
3777
3845
1004
3713
1003
3646
1073
3645
1654
2958
3373
3178
3283
3363
3362
3360
3307
3240
3070
2365
3239
781
782
780
454
620
1736
3372
3361
3801
3607
3504
3512
3176
3172
3173
2961
3171
1070
3525
1556
3237
1534
3232
3766
3433
1540
1555
1535
3328
3369
3851
3852
1652
650
658
851
906
1164
1350
1378
1590
1675
1718
1816
1867
1917
1935
2044
2110
2186
2208
2249
2268
2295
2313
2315
2339
2362
2375
2386
2425
2428
2481
2526
2539
2572
2631
2679
2713
2737
2771
2796
2928
2991
3071
3089
3108
3135
3155
3168
3260
3274
3282
3344
3345
3358
3370
3404
3467
3499
3501
3579
3582
3598
3674
3675
3690
3702
3707
3712
3736
3775
3779
3793
3805
3820
3837
3838
3897
3905
3914
3932
3972
3262
3978
3266
3936
3915
3873
3840
3841
3705
3836
1529
3812
3791
3787
3762
3763
3780
2865
2864
2701
3697
3603
3596
3591
3564
1898
3544
3537
2288
3536
2311
3511
3489
3313
3276
3477
3400
3368
3365
3334
2037
3200
3190
1437
552
3086
2263
2264
3007
2976
2853
2151
2969
2890
2852
2843
2844
2816
1459
2730
2691
1096
1969
2689
2678
2575
1841
2506
1869
2475
2476
2314
2131
1285
2278
2174
2112
2023
1936
1674
1607
1297
2924
1510
1317
1105
1030
746
744
664
662
235
236
154
3902
3903
3427
2528
2527
2529
2261
496
2024
2690
1771
2632
3814
3815
3748
3691
3689
3672
3516
1963
3353
3332
3234
1319
3202
3197
3122
3119
2814
2451
2191
1968
1902
1903
1845
1781
1756
1699
1602
1248
1249
1782
2038
1433
1223
340
1224
1495
2113
2450
1798
2557
665
2604
1477
3692
2959
2960
2062
2118
2117
1786
1566
1567
1496
1128
1900
759
1684
1326
2054
2658
3668
2327
1855
2518
2243
2242
1787
1287
1365
2801
2802
2741
2296
1691
2435
668
669
585
1692
1139
1467
547
3387
1686
1310
155
392
1367
1318
1928
1757
2994
1543
1758
3279
2121
2043
1340
2098
1308
1309
323
390
631
789
792
880
895
924
1008
1176
1247
1255
1271
1375
1432
1492
1604
1627
1655
1849
2032
2106
2132
2277
2297
2318
2359
2498
2503
2576
2647
2797
2809
2823
2825
2946
3053
3091
3100
3137
3145
3187
3189
3219
3258
3326
3327
3343
3348
3406
3423
3490
3559
3560
3561
3605
3625
3630
3633
3634
3639
3643
3764
3797
3809
3833
3846
3855
3874
3890
3959
2046
3885
3813
505
507
2580
3778
3768
3720
3716
3708
696
3685
3686
3660
1961
3615
3581
3554
3555
3293
3565
2227
3391
932
3381
3297
3207
2246
3201
3113
2966
2608
2930
1048
2893
2817
2799
2800
1829
2749
2638
2597
2592
2593
2509
2486
2485
2439
2440
2407
2358
1202
1264
2317
2135
2294
2281
2257
2258
2129
1830
1429
1777
1776
2003
1669
1280
1283
1187
1158
1006
1007
449
412
3056
362
1997
269
188
123
122
1996
2237
2074
918
3460
1430
3917
3918
2868
3943
1163
1955
3770
2280
867
2537
2134
2536
1658
909
1657
2247
232
234
1043
1182
1125
2497
3888
3887
2770
2767
2050
3146
2894
2895
2896
2773
1619
2167
2750
2768
1380
2256
2190
2130
1241
900
3249
857
3784
3785
561
1046
2289
3354
3355
3357
3356
640
1516
1517
571
854
855
1240
2641
14
93
139
203
305
333
348
467
670
671
1058
1090
1135
1288
1359
1660
1662
1690
1725
1768
1807
1941
2075
2088
2123
2139
2163
2171
2176
2199
2260
2291
2324
2430
2540
2625
2650
2654
2708
2764
2772
2780
2873
2877
2899
2936
2944
2957
2975
2977
2990
3055
3077
3085
3094
3103
3213
3250
3252
3253
3265
3349
3469
3562
3566
3578
3584
3599
3610
3631
3638
3642
3693
3715
3718
3728
3753
3755
3771
3772
3826
3876
3907
3931
3945
3939
3940
3935
3859
3835
3676
2514
3513
3351
3485
3484
3468
3443
3419
2945
3409
3259
3352
3261
3156
3111
3072
3050
3042
3041
2951
2942
2898
2888
2553
2870
2848
2714
2826
2609
2668
2622
2614
2578
2028
2560
2551
1631
2515
2496
2460
2395
2378
2377
2233
3027
2229
2998
2188
2146
2402
2145
2115
2102
2231
2071
2064
2067
2040
2952
3424
1628
1989
1956
1931
1927
1909
1840
2070
3054
1714
1715
1708
1693
1678
1441
1442
1415
413
1303
1299
1089
1298
1166
1061
1052
1013
899
847
809
771
536
248
773
2520
1518
453
2683
1253
1254
3847
1446
1808
760
1057
743
3445
1024
2189
869
2205
3366
2519
2724
3952
3993
3737
3868
3869
2626
3849
3515
2290
3465
3338
3254
3058
3040
2884
2885
1770
2869
865
2338
2762
2747
2393
1864
910
911
2255
2254
2201
2198
2183
3022
2128
2392
935
1134
1826
1827
905
1407
1796
1709
1667
1664
1665
1573
951
1108
1377
1220
1221
1222
1121
1118
949
150
1410
21
3408
3278
1259
1668
535
2076
3069
1101
1908
1360
822
3009
742
2200
365
331
149
2334
2881
3061
2582
3039
3020
1995
2442
1755
1620
1419
1406
1372
1614
1284
335
2790
2847
2114
3019
829
830
2581
761
2251
1193
588
589
3059
3060
2765
2525
1549
1550
293
1268
947
1189
1723
2416
3026
2441
1055
1100
3024
3014
1331
1330
1276
3017
3018
921
1231
1333
1332
2543
1599
590
336
435
950
338
1129
1439
828
153
872
1152
337
923
920
842
577
1056
679
59
328
700
894
1103
1157
1385
1440
1719
1740
1990
2019
2210
2287
2459
2480
2544
2595
2699
2704
2746
2774
2778
2835
2974
2978
3000
3008
3062
3067
3068
3074
3101
3132
3192
3224
3226
3304
3314
3405
3422
3435
3444
3458
3466
3500
3550
3589
3637
3661
3671
3679
3724
3735
3792
3823
3883
3898
3906
3908
3923
3986
1334
926
3811
3703
2085
3601
3665
3586
3533
3437
3425
3440
3386
3371
3350
1713
3346
3227
2564
244
3211
2606
3196
3182
2651
3174
3138
3126
3004
3005
2740
1597
2970
2906
2829
2745
2717
2716
2715
222
1853
2681
2680
2675
2643
2644
2617
1596
2491
2483
2444
2420
2419
2656
2316
1962
1945
1877
1878
1793
1752
1731
1547
1420
383
1154
1156
1117
275
1079
996
794
797
57
720
628
443
372
357
201
158
157
136
2766
979
790
1783
1785
1784
2751
3295
2484
2760
1591
1594
1910
2241
1335
2941
2987
2192
2390
2391
2389
1656
1113
690
119
704
1107
3989
3990
3157
3968
1592
3825
3528
3051
3052
2684
2388
2326
1823
1746
1774
1348
1009
786
62
61
708
196
2376
713
714
23
439
440
371
304
320
3033
991
978
1001
91
785
90
1081
1080
3191
1438
2788
3822
2371
262
260
258
200
1322
187
159
2342
2530
798
259
277
2432
213
2433
441
2431
2659
2568
161
2784
131
255
302
306
381
387
470
705
762
898
983
1451
1578
1687
1734
1813
1847
1862
1916
1940
1957
2001
2029
2031
2069
2094
2235
2250
2306
2312
2353
2366
2411
2418
2427
2510
2642
2665
2670
2686
2709
2721
2752
2795
2806
2828
2831
2846
2882
2886
2911
2915
2937
2968
2989
3028
3081
3092
3115
3127
3129
3160
3163
3204
3220
3251
3255
3296
3317
3367
3374
3402
3410
3447
3472
3491
3523
3524
3531
3543
3545
3547
3551
3573
3588
3597
3619
3621
3636
3650
3726
3738
3767
3769
3798
3800
3808
3829
3867
3901
3916
3920
3944
3955
3981
3929
3926
3909
3894
3893
3832
3831
3816
3782
3749
3739
3263
3264
3667
3663
3662
3635
3627
3592
3526
2517
3556
3521
3520
3492
3476
3475
3417
3392
3380
3377
3316
3284
3257
3241
2048
3221
2494
3208
3141
3048
3289
3125
3112
3057
3038
3036
3012
3001
2995
2948
2929
2917
2914
425
2908
2907
2867
2862
2854
2965
2850
566
2804
1316
2792
2757
2755
2748
2735
2725
2695
2694
2649
2629
2611
2594
2505
2504
2500
2489
2473
2414
2380
2370
2354
2348
2340
837
2333
2332
2321
2320
2221
2218
2184
2181
2063
1970
2549
1967
1954
1912
1904
1891
1890
1882
1881
1832
1797
1763
1738
1645
1568
1412
1358
1356
1342
1343
1324
1289
1148
1133
1093
986
984
971
893
739
685
410
377
185
3
1094
3426
2563
2492
839
1357
1569
887
1960
1762
2000
2602
2601
3124
3123
2981
1038
2736
2967
2409
2187
2871
3953
3954
2664
2985
3474
939
1942
2095
2499
1893
287
2661
3143
3958
230
1636
3941
3924
2248
3922
3913
3910
3911
3912
3866
3861
3862
3842
3757
3732
3733
3629
3546
3527
3519
3517
3496
3454
3452
3385
3300
3228
3229
3158
3118
2872
3064
3065
2909
2910
2903
2901
268
1162
1647
2879
2779
2753
2734
2676
242
2637
2628
2588
2569
2477
2423
2400
2401
2396
2336
2335
2284
2282
2265
2252
2215
2197
2180
2173
2158
2116
2086
2081
1999
1983
1949
1905
1825
1791
1767
1611
1527
1426
1418
1417
1404
1400
1088
1042
968
859
831
817
2364
711
76
970
246
2341
94
2849
103
224
1913
2285
367
2887
3161
3509
3510
2834
2832
626
2866
2232
2137
1431
432
723
2337
3706
836
712
3107
2997
2352
2511
2531
2756
2413
1301
1411
3287
3073
3925
3751
2345
3280
2949
3183
3140
3114
2988
2916
2841
2758
2738
2302
189
2692
2693
2662
2645
1427
3214
2458
2422
2404
2399
2090
2398
2372
2274
2275
2211
2153
2155
2144
2089
1766
3789
1673
1545
1541
1480
1315
1200
2789
1458
1033
2361
2902
143
1803
1804
2754
1344
1806
2781
2613
1502
2467
2331
221
1486
2599
370
2463
2464
2462
3818
2648
3502
3900
3821
3587
3464
3463
3299
3105
2177
2646
3013
2783
2743
2669
2634
2590
2455
2457
2082
2374
2083
2343
2303
2344
2323
1387
2214
1982
1980
1742
1663
1398
2720
1481
1473
2465
1383
3383
1504
1037
2412
2307
2490
1846
747
463
214
2524
3752
3090
2993
3303
2522
2253
2141
1971
1132
958
182
961
2513
3701
245
1873
3462
2905
2904
2154
2607
3418
1730
3162
2100
1834
2018
1472
2360
2667
3082
2552
1651
2660
3473
2471
3938
3453
3110
2426
2350
459
209
2979
317
2861
296
373
1706
369
2415
1216
1644
2006
1952
1388
319
1454
2417
567
2080
1499
2912
1977
2502
1575
1856
43
2381
1608
1712
1685
2011
2213
2712
1765
528
1857
2466
2542
2696
2777
2244
464
2347
2008
1747
1858
81
212
2119
1218
2078
1661
2152
1498
2099
2060
2079
327
1190
1879
316
1112
1345
2424
3109
3747
2666
178
341
2010
345
2212
2405
1987
204
1198
598
1789
1382
2900
285
434
1485
140
325
2093
1130
2538
1487
211
430
1203
840
79
32
58
2015
2017
741
1953
2349
2014
988
888
1835
1979
1833
2698
962
793
1948
1880
295
1544
324
1258
688
397
38
2980
1219
2096
724
1457
1111
1452
218
445
2939
321
1978
339
2308
217
216
272
2058
1711
2087
1859
2009
3439
3134
2534
2204
1750
1748
1583
1531
1506
1423
1421
1233
1207
1167
1040
3843
3817
3407
3331
3159
3044
2546
2445
1901
1698
1341
1291
995
964
852
807
3539
3431
3333
3244
3243
3184
3181
3150
3136
3121
2984
2982
2927
2851
2815
2786
2674
2570
2452
2220
2207
2138
2022
1972
1951
1886
1811
1773
1659
1617
1581
1552
1538
1500
1366
1338
1320
1296
1275
1269
1262
1228
1226
1109
1071
1002
929
901
879
766
663
622
606
556
513
456
3339
1501
1491
1448
674
176
152
3441
3199
3031
2836
2811
2810
2726
2521
2512
2453
2406
2403
2068
2034
2027
2005
1950
1818
1760
1707
1600
1587
1572
1570
1563
1525
1515
1488
1453
1405
1402
1370
1347
1300
1205
1201
1131
1115
1102
1087
1083
1036
997
969
967
885
868
863
858
799
796
787
738
734
727
726
706
698
686
682
652
639
637
617
602
532
462
452
451
407
403
401
393
366
360
356
315
299
280
266
263
249
229
228
186
171
166
141
132
100
92
48
3960
3957
3858
3850
3321
3302
3301
3166
3133
3030
3025
3023
3021
2986
2845
2833
2830
2787
2776
2728
2702
2697
2677
2620
2612
2605
2583
2579
2567
2562
2488
2461
2456
2448
2394
2383
2373
2226
2196
2172
2136
2030
2016
2007
1998
1988
1964
1959
1934
1930
1924
1907
1874
1865
1831
1828
1801
1792
1754
1722
1705
1666
1643
1624
1623
1609
1588
1551
1546
1503
1482
1479
1474
1447
1425
1408
1403
1389
1386
1384
1346
1323
1314
1279
1278
1277
1217
1215
1213
1197
1185
1184
1180
1153
1119
1104
1082
1059
1032
1015
1011
992
990
960
957
953
928
927
919
908
891
875
874
871
870
848
846
845
844
843
832
827
824
816
813
803
788
770
769
740
728
716
699
693
689
684
680
675
660
654
642
612
611
610
604
600
564
490
489
469
468
444
442
427
420
402
389
361
352
351
344
334
332
310
300
288
283
281
278
274
247
239
238
227
225
205
198
191
174
167
147
137
125
120
116
112
109
105
99
84
67
53
37
36
28
3992
3758
3754
3740
3717
3684
3666
3664
3657
3644
3611
3563
3522
3506
3488
3479
3442
3429
3413
3412
3396
3382
3379
3364
3337
3336
3330
3329
3325
3312
3305
3291
3288
3277
3256
3233
3231
3225
3210
3198
3179
3175
3164
3149
3142
3139
3131
3117
3075
3063
3047
3043
3037
3034
3032
3029
3016
3015
3011
2999
2992
2964
2955
2954
2953
2943
2921
2919
2918
2878
2860
2837
2822
2821
2818
2813
2808
2803
2794
2775
2769
2763
2761
2739
2727
2718
2711
2707
2685
2663
2636
2619
2586
2555
2547
2533
2532
2501
2487
2479
2469
2454
2446
2421
2397
2387
2385
2384
2382
2379
2368
2367
2363
2357
2356
2355
2351
2346
2330
2328
2325
2319
2309
2293
2292
2286
2283
2273
2272
2271
2270
2267
2262
2259
2245
2240
2238
2236
2230
2224
2222
2217
2209
2206
2195
2194
2182
2175
2170
2168
2165
2164
2160
2147
2143
2127
2122
2111
2109
2107
2105
2101
2097
2092
2091
2084
2077
2073
2072
2066
2065
2059
2056
2052
2051
2049
2047
2045
2042
2041
2039
2035
2025
2020
2004
2002
1994
1993
1992
1985
1984
1981
1976
1966
1944
1938
1929
1921
1920
1918
1911
1899
1897
1888
1887
1885
1883
1875
1872
1871
1870
1866
1861
1860
1843
1842
1839
1838
1837
1821
1819
1815
1812
1805
1802
1790
1788
1780
1779
1775
1772
1769
1761
1759
1753
1751
1749
1744
1743
1741
1739
1733
1732
1729
1724
1720
1710
1702
1700
1696
1689
1683
1682
1681
1680
1679
1677
1676
1653
1650
1649
1648
1646
1641
1640
1637
1635
1634
1633
1632
1630
1629
1626
1610
1606
1601
1598
1593
1589
1582
1580
1577
1576
1574
1571
1565
1562
1560
1559
1558
1554
1542
1532
1524
1522
1521
1520
1519
1512
1509
1505
1497
1494
1493
1490
1489
1484
1483
1478
1476
1475
1471
1470
1469
1468
1462
1460
1456
1455
1444
1443
1436
1434
1424
1422
1413
1409
1401
1399
1397
1396
1395
1394
1393
1381
1379
1374
1373
1364
1363
1361
1353
1352
1351
1349
1339
1337
1336
1329
1328
1327
1325
1321
1313
1311
1307
1306
1305
1304
1302
1295
1294
1293
1292
1286
1282
1281
1267
1266
1265
1263
1261
1260
1257
1256
1250
1243
1239
1238
1237
1234
1232
1229
1227
1225
1214
1212
1211
1210
1209
1206
1199
1196
1194
1192
1191
1188
1186
1183
1181
1179
1177
1174
1173
1168
1165
1160
1159
1155
1151
1150
1149
1147
1146
1140
1138
1136
1127
1126
1123
1120
1116
1114
1110
1106
1099
1095
1092
1091
1086
1085
1084
1078
1076
1075
1072
1069
1066
1064
1063
1062
1060
1054
1053
1051
1050
1049
1045
1034
1031
1026
1025
1023
1022
1020
1018
1017
1016
1014
1012
1010
1000
999
998
994
993
989
987
982
981
977
976
975
974
973
972
966
965
963
959
956
955
954
948
946
945
943
942
941
940
938
937
936
934
933
931
930
925
922
916
915
914
913
912
907
904
903
902
897
896
892
890
889
886
884
883
882
881
878
876
873
866
864
862
860
856
853
850
849
841
838
835
834
833
825
823
821
820
818
815
814
812
811
810
808
806
805
804
802
801
800
795
791
784
783
779
778
776
775
774
772
768
767
765
764
763
757
756
755
754
753
751
748
745
737
736
735
733
732
731
730
729
725
722
721
719
718
717
715
710
707
703
702
701
697
695
694
692
691
687
683
681
678
677
676
673
672
667
666
661
659
657
656
655
651
649
648
647
646
645
644
641
638
636
635
634
633
632
630
627
625
624
623
619
618
616
614
613
608
605
601
599
597
596
595
594
593
592
591
587
586
583
582
580
579
578
576
573
572
570
569
568
565
563
562
560
559
558
557
555
554
553
551
550
549
548
546
545
544
543
542
541
540
539
537
534
533
531
530
527
526
525
524
523
522
520
519
516
512
510
509
508
506
504
503
502
501
500
498
497
495
494
493
492
491
488
487
486
485
483
481
480
479
478
477
476
475
474
473
472
471
466
465
460
458
457
450
448
447
446
438
437
436
433
431
429
428
426
424
423
422
421
419
418
417
416
415
414
411
409
408
406
405
404
400
399
398
396
395
394
391
388
386
385
384
382
380
379
378
375
374
368
364
363
359
358
355
354
353
350
349
347
346
343
342
330
329
326
318
314
313
312
311
309
308
307
303
301
298
297
294
291
290
289
286
284
279
276
273
271
270
267
265
264
261
256
254
253
252
251
250
243
241
240
237
233
231
226
223
220
219
215
210
208
207
206
202
199
197
195
194
193
192
190
184
183
181
180
179
177
175
173
172
170
169
168
165
164
163
162
160
156
151
148
146
145
144
142
138
135
134
133
130
129
128
127
126
124
121
118
117
115
114
113
111
110
108
107
106
104
102
101
98
97
96
95
89
88
87
86
85
83
82
80
78
77
75
74
73
72
71
70
69
68
66
65
64
63
60
56
55
54
52
51
50
49
47
46
45
44
42
41
40
39
35
34
33
31
30
29
27
26
25
24
22
20
19
18
17
16
15
13
11
10
9
8
7
6
5
4
2
